-----------------
Index  |  Width |   
-----------------         -----------------------------------------
0      |    2   |         | 0  - 3    |    2, 3, 1, 2             |
-----------------         |---------------------------------------| 
1      |    3   |         | 4  - 6    |    3, 2, 3                |
-----------------         |---------------------------------------| 
2      |    1   |         | 6  - 7    |    3, 3                   |
-----------------         |---------------------------------------| 
3      |    2   |         | 3  - 5    |    2, 3, 2                |
-----------------         |---------------------------------------|
4      |    3   |         | 0  - 7    |    2, 3, 1, 2, 3, 2, 3, 3 |
-----------------         |---------------------------------------|
5      |    2   |         
-----------------         
6      |    3   |         1, 2, 3, 2, 1
-----------------         
7      |    3   |         
-----------------         

Starts: 0,4,6,3,0
Ends: 3,6,7,5,7